102103003
102103012
102103017
102103099
102103115
102103165
102103182
102103195
102103198
102103202
102103227
102103244
102103245
102103266
102103276
102103279
102103294
102103296
102103298
102103300
102103309
102103322
102103330
102103337
102103338
102103370
102103374
102103395
102103397
102103407
102103430
102103452
102103488
102103491
102103500
102103508
102103511
102103518
102103548
102103607
102103610
102103613
102103622
102103628
102103634
102103645
102103649
102103671
102103688
102103691
102103733
102103734
102103791
102103817
102103819
102103836
102103857
102115022
102115025
102115053
102115132
102115137
102115142
102115153
102115185
102115217
102115224
102115225
102115226
102115231
102115262
102116003
102116004
102116008
102116012
102116026
102116027
102116033
102116040
102116056
102116069
102116070
102116076
102116077
102116081
102116082
102116084
102116087
102116099
102116101
102116123
102117009
102117016
102117020
102117032
102117045
102117049
102117053
102117060
102117082
102117101
102117108
102117110
102117156
102117165
102117217
102153003
102153011
102153018
102153021
102153037
102165002
102166002
102166004
102283005
102283012
102296003
102297003
102297022
